=== RUN   TestCheckedJSONNext
=== RUN   TestCheckedJSONNext/json_depth_misfit
    checked_json_next_test.go:29: gate cache node miss
    checked_json_next_test.go:34: gate cache node miss
    checked_json_next_test.go:40: native exit codes differ: got {stdout:[112 97 115 115 101 100 10] stderr:[] exitCode:0} want {stdout:[] stderr:[97 100 97 109 105 99 58 32 112 97 110 105 99 58 32 99 104 101 99 107 101 100 32 97 110 121 58 32 114 97 119 46 110 101 120 116 46 110 101 120 116 46 110 101 120 116 46 110 101 120 116 46 110 101 120 116 46 110 101 120 116 46 110 101 120 116 46 110 101 120 116 46 110 101 120 116 46 110 101 120 116 46 110 101 120 116 46 110 101 120 116 46 110 101 120 116 46 110 101 120 116 46 110 101 120 116 46 110 101 120 116 46 110 101 120 116 46 110 101 120 116 46 110 101 120 116 46 110 101 120 116 46 110 101 120 116 46 110 101 120 116 46 110 101 120 116 46 110 101 120 116 46 110 101 120 116 46 110 101 120 116 46 110 101 120 116 46 110 101 120 116 46 110 101 120 116 46 110 101 120 116 46 110 101 120 116 46 110 101 120 116 46 110 101 120 116 46 110 101 120 116 46 110 101 120 116 46 110 101 120 116 46 110 101 120 116 46 110 101 120 116 46 110 101 120 116 46 110 101 120 116 46 110 101 120 116 46 110 101 120 116 46 110 101 120 116 46 110 101 120 116 46 110 101 120 116 46 110 101 120 116 46 110 101 120 116 46 110 101 120 116 46 110 101 120 116 46 110 101 120 116 46 110 101 120 116 46 110 101 120 116 46 110 101 120 116 46 110 101 120 116 46 110 101 120 116 46 110 101 120 116 46 110 101 120 116 46 110 101 120 116 46 110 101 120 116 46 110 101 120 116 46 110 101 120 116 46 110 101 120 116 46 110 101 120 116 46 110 101 120 116 46 118 97 108 117 101 32 110 101 101 100 115 32 74 83 79 78 32 118 97 108 117 101 32 124 32 117 110 100 101 102 105 110 101 100 44 32 102 111 117 110 100 32 110 111 110 45 74 83 79 78 32 114 101 99 117 114 115 105 111 110 10] exitCode:70}
--- FAIL: TestCheckedJSONNext (11.97s)
    --- FAIL: TestCheckedJSONNext/json_depth_misfit (11.97s)
FAIL
gate cache: native hits=0 misses=0
gate cache: node hits=0 misses=2
gate cache: probe hits=0 misses=0
FAIL	github.com/system-inc/adamic/internal/oracle	11.975s
FAIL
